Linux 6.1.0-20-amd64 (baculaServer) 	06/09/2024 	_x86_64_	(3 CPU)

03:34:33 PM kbmemfree   kbavail kbmemused  %memused kbbuffers  kbcached  kbcommit   %commit  kbactive   kbinact   kbdirty
03:34:35 PM    166824   2745532    916408     22.86     50400   2713812   4259440    106.25    407708   3161716       808
03:34:36 PM    166824   2745464    916376     22.86     50400   2713844   4259440    106.25    407728   3161644       808
03:34:37 PM    166824   2745464    916376     22.86     50400   2713844   4259440    106.25    407728   3161644       808
03:34:38 PM    166824   2745464    916376     22.86     50400   2713844   4259440    106.25    407728   3161644       808
03:34:39 PM    166824   2745464    916376     22.86     50408   2713836   4259440    106.25    407728   3161644       408
03:34:40 PM    166824   2745464    916368     22.86     50408   2713844   4259440    106.25    407728   3161676       316
03:34:41 PM    166824   2745464    916368     22.86     50408   2713844   4259440    106.25    407728   3161676       316
03:34:42 PM    166824   2745464    916368     22.86     50408   2713844   4259440    106.25    407728   3161676       316
03:34:43 PM    166824   2745464    916368     22.86     50408   2713844   4259440    106.25    407728   3161676       316
03:34:44 PM    166824   2745464    916368     22.86     50408   2713844   4259440    106.25    407728   3161676       316
03:34:45 PM    165060   2743716    918128     22.90     50416   2713840   4210820    105.03    407840   3152016        76
03:34:46 PM    165060   2743716    918128     22.90     50416   2713840   4210820    105.03    407840   3152040         4
03:34:47 PM    165060   2743716    918128     22.90     50416   2713840   4210820    105.03    407840   3152040         4
03:34:48 PM    165060   2743716    918128     22.90     50416   2713840   4210820    105.03    407840   3152040         4
03:34:49 PM    165060   2743716    918128     22.90     50416   2713840   4210820    105.03    407840   3152040         4
03:34:50 PM    165060   2743716    918128     22.90     50424   2713832   4210820    105.03    407840   3152040         4
03:34:51 PM    165060   2743716    918128     22.90     50424   2713832   4210820    105.03    407840   3152040         4
03:34:52 PM    165060   2743716    918120     22.90     50424   2713840   4210820    105.03    407840   3152040         4
03:34:53 PM    165060   2743716    918120     22.90     50424   2713840   4210820    105.03    407840   3152040         4
03:34:54 PM    160964   2739620    922216     23.00     50424   2713840   4210820    105.03    407840   3152048         4
03:34:55 PM    160964   2739620    922216     23.00     50432   2713832   4210820    105.03    407840   3152048         4
03:34:56 PM    160964   2739628    922208     23.00     50432   2713840   4210820    105.03    407848   3152040         4
03:34:57 PM    160964   2739628    922208     23.00     50432   2713840   4210820    105.03    407848   3152040         4
03:34:58 PM    160964   2739628    922208     23.00     50432   2713840   4210820    105.03    407848   3152040         4
03:34:59 PM    160964   2739628    922208     23.00     50432   2713840   4210820    105.03    407848   3152040         4
03:35:00 PM    160964   2739628    922200     23.00     50440   2713840   4210820    105.03    407848   3152040         4
03:35:01 PM    160964   2739644    922200     23.00     50440   2713840   4210820    105.03    407864   3152040         4
03:35:02 PM    160712   2739440    922404     23.01     50440   2713888   4210820    105.03    407908   3152124       168
03:35:03 PM    160712   2739440    922404     23.01     50440   2713888   4210820    105.03    407908   3152124       168
03:35:04 PM    160712   2739440    922404     23.01     50440   2713888   4210820    105.03    407908   3152044       168
03:35:05 PM    160712   2739448    922396     23.01     50448   2713888   4210820    105.03    407916   3145176       212
03:35:06 PM    160712   2739448    922396     23.01     50448   2713888   4210820    105.03    407916   3145176       216
03:35:07 PM    160712   2739448    922396     23.01     50448   2713888   4210820    105.03    407916   3145176       216
03:35:08 PM    160712   2739448    922396     23.01     50448   2713888   4210820    105.03    407916   3145176       216
03:35:09 PM    160712   2739448    922392     23.01     50448   2713892   4210820    105.03    407916   3145176       220
03:35:10 PM    160712   2739460    922384     23.01     50456   2713892   4210820    105.03    407924   3145180       200
03:35:11 PM    160712   2739460    922384     23.01     50456   2713892   4210784    105.03    407924   3145180       200
03:35:12 PM    160712   2739460    922384     23.01     50456   2713892   4210784    105.03    407924   3145180       200
03:35:13 PM    160712   2739460    922384     23.01     50456   2713892   4210784    105.03    407924   3145144       200
03:35:14 PM    160712   2739460    922384     23.01     50456   2713892   4210784    105.03    407924   3145144       200
03:35:15 PM    160712   2739460    922376     23.01     50464   2713892   4210784    105.03    407924   3145144       200
03:35:16 PM    160712   2739460    922376     23.01     50464   2713892   4210784    105.03    407924   3145144       200
03:35:17 PM    160712   2739460    922376     23.01     50464   2713892   4210784    105.03    407924   3145108       200
03:35:18 PM    160712   2739460    922376     23.01     50464   2713892   4210784    105.03    407924   3145108       200
03:35:19 PM    160712   2739460    922376     23.01     50464   2713892   4210784    105.03    407924   3145108       200
03:35:20 PM    160712   2739460    922376     23.01     50472   2713884   4210784    105.03    407924   3145108       200
03:35:21 PM    160712   2739460    922368     23.01     50472   2713892   4210784    105.03    407924   3145108       204
03:35:22 PM    160712   2739476    922368     23.01     50472   2713892   4210784    105.03    407940   3145144        88
03:35:23 PM    160712   2739476    922368     23.01     50472   2713892   4210784    105.03    407940   3145144        12
03:35:24 PM    160712   2739476    922368     23.01     50472   2713892   4210784    105.03    407940   3145144        72
03:35:25 PM    160712   2739484    922360     23.01     50480   2713892   4210784    105.03    407948   3145144        68
03:35:26 PM    160712   2739484    922360     23.01     50480   2713892   4210784    105.03    407948   3145144        68
03:35:27 PM    160712   2739484    922360     23.01     50480   2713892   4210784    105.03    407948   3145144        68
03:35:28 PM    160712   2739484    922360     23.01     50480   2713892   4210784    105.03    407948   3145144        68
03:35:29 PM    160712   2739484    922360     23.01     50480   2713892   4210784    105.03    407948   3145144        24
03:35:30 PM    160712   2739484    922352     23.01     50488   2713892   4210784    105.03    407948   3145144         8
03:35:31 PM    160712   2739484    922352     23.01     50488   2713892   4210784    105.03    407948   3145144         8
03:35:32 PM    160712   2739484    922352     23.01     50488   2713892   4210784    105.03    407948   3145144         8
03:35:33 PM    160712   2739484    922352     23.01     50488   2713892   4210784    105.03    407948   3145144         8
03:35:34 PM    160712   2739484    922352     23.01     50488   2713892   4210784    105.03    407948   3145144         8
Average:       162416   2741125    920716     22.97     50444   2713868   4218909    105.24    407872   3150201       164
