Linux 6.1.0-20-amd64 (baculaServer) 	06/09/2024 	_x86_64_	(3 CPU)

03:31:00 PM kbmemfree   kbavail kbmemused  %memused kbbuffers  kbcached  kbcommit   %commit  kbactive   kbinact   kbdirty
03:31:01 PM    869128   2723588    951836     23.74     54468   1996840   4258256    106.22    416748   2433460        12
03:31:02 PM    869128   2723588    951828     23.74     54468   1996848   4258256    106.22    416748   2433460        64
03:31:03 PM    842668   2697160    978264     24.40     54468   1996872   4388792    109.47    416764   2479436        64
03:31:04 PM    861392   2715888    959532     23.93     54468   1996872   4323908    107.85    416768   2460708       124
03:31:05 PM    846292   2700788    974632     24.31     54468   1996872   4388744    109.47    416776   2479388       124
03:31:06 PM    846632   2701144    974276     24.30     54468   1996888   4324140    107.86    416776   2461144       124
03:31:07 PM    837036   2691560    983852     24.54     54476   1996884   4389000    109.48    416780   2479748       156
03:31:08 PM    836716   2691248    984160     24.55     54476   1996896   4324316    107.86    416784   2461044       160
03:31:09 PM    830824   2695244    980108     24.45     54476   2006620   4387500    109.44    416780   2488124      9880
03:31:10 PM    798712   2701908    972708     24.26     54476   2044984   4358020    108.71    416788   2521848     48248
03:31:11 PM    795204   2712800    961508     23.98     54476   2059140   4324252    107.86    416780   2523140     62404
03:31:12 PM    775808   2693460    980892     24.47     54484   2059140   4389108    109.48    416792   2542004     49292
03:31:13 PM    757800   2675460    998892     24.92     54484   2059148   4368952    108.98    416796   2549356     49296
03:31:14 PM    789800   2707660    966692     24.11     54484   2059348   4324252    107.86    416792   2523436     41296
03:31:15 PM    774184   2692188    982124     24.50     54484   2059516   4389132    109.48    416800   2542332     41472
03:31:16 PM    760528   2678632    995712     24.84     54484   2059616   4368972    108.98    416800   2549808     41572
03:31:17 PM    775448   2693732    980612     24.46     54492   2059768   4324252    107.86    416804   2523788     30276
03:31:18 PM    769156   2687676    986648     24.61     54492   2060020   4389112    109.48    416804   2542804     30528
03:31:19 PM    776648   2695840    978536     24.41     54492   2060652   4324252    107.86    416812   2524732     14760
03:31:20 PM    758960   2678656    995696     24.84     54492   2061168   4388360    109.46    416804   2543484     15212
03:31:21 PM    758960   2679132    995208     24.82     54492   2061644   4389148    109.48    416808   2544404      6488
03:31:22 PM    790968   2711556    962804     24.02     54500   2062020   4324252    107.86    416808   2526088      3844
03:31:23 PM    770564   2692848    981488     24.48     54500   2063728   4388284    109.46    416812   2545844      5468
03:31:24 PM    744348   2690576    983312     24.53     54500   2087448   4358100    108.71    416820   2564372     29220
03:31:25 PM    729660   2703848    969584     24.19     54500   2114896   4324252    107.86    416812   2578956     56660
03:31:26 PM    686644   2696412    976568     24.36     54500   2150012   4389140    109.48    416816   2632848     91776
03:31:27 PM    659932   2687092    985592     24.58     54508   2167088   4368960    108.98    416820   2657296     92564
03:31:28 PM    692340   2719892    952640     23.76     54508   2167520   4324252    107.86    416824   2631564     80644
03:31:29 PM    672436   2700344    972196     24.25     54508   2167864   4389256    109.48    416820   2650572     70696
03:31:30 PM    654544   2682820    989700     24.69     54508   2168240   4368996    108.98    416832   2658432     64988
03:31:32 PM    686624   2715400    957128     23.87     54508   2168720   4324252    107.86    416820   2632748     45068
03:31:33 PM    667480   2696784    975708     24.34     54516   2169236   4389132    109.48    416836   2652032     29104
03:31:34 PM    704224   2733964    938540     23.41     54516   2169640   4324252    107.86    416836   2633672     21308
03:31:35 PM    684608   2714860    957636     23.89     54516   2170148   4389244    109.48    416844   2652980     21816
03:31:36 PM    677804   2708552    963924     24.04     54516   2170652   4360216    108.76    416844   2650544     14072
03:31:37 PM    666468   2697600    974868     24.32     54516   2171040   4368996    108.98    416840   2661196       444
03:31:38 PM    681784   2723772    948632     23.66     54524   2181728   4324252    107.86    416836   2645804     11168
03:31:39 PM    633740   2704980    966792     24.12     54524   2210596   4389132    109.48    416852   2693476     40040
03:31:40 PM    611512   2721724    949384     23.68     54524   2249024   4324252    107.86    416844   2713032     78468
03:31:41 PM    564388   2714028    956416     23.86     54524   2287896   4389252    109.48    416852   2770752    117340
03:31:42 PM    542676   2731368    938404     23.41     54524   2326460   4324252    107.86    416852   2790608    155904
03:31:43 PM    497324   2724336    944752     23.57     54532   2364292   4353204    108.59    416852   2834036    193740
03:31:44 PM    444660   2710612    957872     23.89     54532   2402684   4389136    109.48    416860   2885540    232192
03:31:45 PM    424568   2726820    940960     23.47     54532   2438512   4324252    107.86    416852   2902436    268020
03:31:46 PM    372940   2707728    959580     23.94     54532   2470516   4389244    109.48    416856   2953404    267340
03:31:47 PM    343456   2698772    968224     24.15     54532   2490744   4369788    109.00    416868   2980884     69896
03:31:48 PM    340444   2725632    940840     23.47     54540   2520196   4324252    107.86    416876   2984196     24564
03:31:49 PM    287308   2706088    959704     23.94     54540   2553416   4389132    109.48    416892   3036180     57636
03:31:50 PM    274004   2725264    939984     23.45     54540   2585444   4324252    107.86    416884   3049348     89664
03:31:51 PM    221844   2705948    958804     23.92     54540   2617764   4389248    109.48    416892   3100620    121984
03:31:52 PM    176568   2692220    972036     24.25     54540   2648948   4366280    108.91    416884   3135948    153168
03:31:53 PM    170564   2717400    946336     23.61     54548   2679636   4324252    107.86    416892   3143628    183908
03:31:54 PM    121180   2697856    965384     24.08     54548   2709136   4389124    109.48    416892   3191788    213408
03:31:55 PM    138540   2716440    946540     23.61     54548   2710104   4324252    107.86    422400   3168588    242856
03:31:56 PM    123448   2712208    950444     23.71     54548   2720696   4389252    109.48    419324   3201112    271724
03:31:57 PM    116372   2699484    963036     24.02     52636   2716896   4366876    108.93    421116   3198236    263264
03:31:58 PM    113336   2713708    948524     23.66     52528   2734044   4324252    107.86    421432   3191416     85616
03:31:59 PM    117024   2713460    948716     23.66     50816   2731716   4389136    109.48    412220   3215528     21280
03:32:00 PM    131060   2730372    931460     23.23     50080   2735260   4324252    107.86    401696   3209836     49192
03:32:01 PM    113620   2706456    955416     23.83     50064   2728592   4389248    109.48    402780   3221024     77412
Average:       583034   2705276    965561     24.08     54233   2261138   4356048    108.66    416543   2735904     72650
